##BLOCKS= 1          
Plate:	Plate#1	1.3	PlateFormat	Endpoint	Absorbance	Raw	FALSE	1						1	562	1	12	96	1	8	None	
	Temperature(¡C)	1	2	3	4	5	6	7	8	9	10	11	12		
	27.10	2.4821	2.6739	0.1996	0.1931	0.6351	0.6418	0.893	0.9636	0.0457	0.0459	0.0459	0.0458		
		1.9136	1.9035	0.8099	0.8347	0.8848	0.8761	0.9311	0.9917	0.0466	0.0462	0.0464	0.046		
		1.169	1.1467	0.9935	0.9886	0.908	0.921	0.8776	0.8623	0.0469	0.0467	0.046	0.0458		
		0.8789	0.8831	1.0363	1.043	0.951	0.9553	1.0924	1.0963	0.0466	0.0464	0.0461	0.0464		
		0.5731	0.6151	0.7618	0.7055	0.6399	0.6369	0.7788	0.7985	0.0466	0.0466	0.0461	0.0461		
		0.3636	0.3539	0.9447	0.9479	1.0585	1.0385	0.9624	0.9811	0.0475	0.0466	0.0465	0.0464		
		0.2789	0.2798	0.7253	0.7221	0.9335	0.9355	0.0466	0.0471	0.0469	0.0469	0.0466	0.0464		
		0.2135	0.1919	0.7733	0.7895	0.6017	0.6255	0.0465	0.0462	0.0467	0.0465	0.0464	0.0484		
		
~End
