##BLOCKS= 1          
Plate:	Plate#1	1.3	PlateFormat	Endpoint	Absorbance	Raw	FALSE	1						1	450	1	12	96	1	8	None	
	Temperature(¡C)	1	2	3	4	5	6	7	8	9	10	11	12		
	28.60	0.0799	0.079	0.1263	0.2659	0.1242	0.307	0.1474	0.2483	0.1458	0.2785	0.1527	0.2898		
		0.0789	0.0762	0.143	0.3478	0.1852	0.3187	0.1695	0.3203	0.1393	0.2478	0.137	0.2876		
		0.0839	0.0883	0.138	0.3521	0.1675	0.2973	0.1469	0.2781	0.164	0.3061	0.1558	0.2369		
		0.103	0.1031	0.1506	0.3497	0.1551	0.2781	0.1541	0.2482	0.1708	0.2876	0.1526	0.2825		
		0.1276	0.1343	0.1624	0.2818	0.1913	0.2901	0.1368	0.2197	0.1375	0.3037	0.1681	0.335		
		0.1949	0.1837	0.1453	0.2602	0.1668	0.3313	0.1367	0.207	0.1957	0.2408	0.1919	0.3399		
		0.2931	0.2622	0.1604	0.2859	0.1977	0.3396	0.1871	0.2345	0.1828	0.2667	0.2245	0.366		
		0.9663	0.838	0.1046	0.1788	0.1373	0.2259	0.1623	0.3048	0.1798	0.3199	0.1951	0.3224		
		
~End
