##BLOCKS= 1          
Plate:	Plate#1	1.3	PlateFormat	Endpoint	Absorbance	Raw	FALSE	1						1	562	1	12	96	1	8	None	
	Temperature(¡C)	1	2	3	4	5	6	7	8	9	10	11	12		
	28.00	2.5587	2.6653	0.2628	0.2432	0.4767	0.5349	0.9507	0.9637	0.8874	0.7481	0.7033	0.598		
		1.9525	1.8902	0.6856	0.7695	0.7779	0.7779	0.9238	0.9503	0.7802	0.7525	0.8495	0.4946		
		1.1749	1.1723	0.8344	0.8503	0.6293	0.6918	1.0798	1.067	0.8875	0.8639	0.7899	0.8298		
		0.8825	0.8751	0.6282	0.6703	0.7035	0.6957	0.8058	0.8403	1.0078	1.0432	1.0749	1.0648		
		0.5966	0.5816	0.5669	0.5054	0.6578	0.6583	0.9314	0.9166	0.9291	0.9095	0.8584	0.7975		
		0.3883	0.4175	0.8017	0.7741	0.8392	0.831	0.9105	0.9354	0.982	0.9806	0.8248	0.8184		
		0.2882	0.2825	0.4454	0.4552	0.6512	0.6576	0.7096	0.7494	0.8578	0.8963	0.9463	0.9043		
		0.217	0.2714	0.6594	0.6162	0.7441	0.7074	0.7204	0.715	0.7763	0.8542	1.0192	1.0371		
		
~End
