##BLOCKS= 1          
Plate:	Plate#1	1.3	PlateFormat	Endpoint	Absorbance	Raw	FALSE	1						1	450	1	12	96	1	8	None	
	Temperature(¡C)	1	2	3	4	5	6	7	8	9	10	11	12		
	27.50	0.0855	0.0868	0.1527	0.3318	0.2465	0.4455	0.1934	0.3381	0.0477	0.0481	0.0479	0.0481		
		0.0906	0.0893	0.2535	0.4626	0.2358	0.5358	0.1624	0.2809	0.0488	0.0484	0.0484	0.0483		
		0.0989	0.0993	0.1714	0.3781	0.3827	0.5516	0.0705	0.0523	0.0488	0.0488	0.05	0.0488		
		0.1231	0.1193	0.1578	0.321	0.1808	0.3334	0.0486	0.0491	0.0487	0.0487	0.0486	0.0488		
		0.1677	0.1595	0.178	0.3145	0.1765	0.3423	0.0491	0.0502	0.0488	0.0488	0.0486	0.0493		
		0.2415	0.2241	0.1853	0.3317	0.3149	0.5673	0.0488	0.0495	0.0514	0.0487	0.0489	0.05		
		0.3463	0.3206	0.2633	0.1717	0.1669	0.3272	0.0495	0.0498	0.0493	0.0489	0.0488	0.0485		
		1.0474	1.0186	0.1703	0.2963	0.2214	0.3651	0.0488	0.0486	0.048	0.0479	0.0483	0.0485		
		
~End
