##BLOCKS= 1          
Plate:	Plate#1	1.3	PlateFormat	Endpoint	Absorbance	Raw	FALSE	1						1	562	1	12	96	1	8	None	
	Temperature(¡C)	1	2	3	4	5	6	7	8	9	10	11	12		
	24.30	3.8024	3.721	0.129	0.1288	2.2389	2.2438	1.8208	1.8181	1.9134	1.8675	2.5744	2.3311		
		2.8293	2.8329	2.489	2.4671	2.0257	1.9816	2.0622	2.5165	2.097	2.1117	1.6984	2.1882		
		1.9515	1.9456	1.9539	1.6852	2.1341	2.0961	2.1549	2.4982	1.8091	2.161	2.7245	2.3381		
		1.4608	1.4514	2.6141	2.4635	2.219	2.6101	2.0739	2.0192	2.7272	2.3542	2.5861	2.175		
		1.043	1.0347	2.1192	2.0236	1.8489	1.8187	1.7181	2.0625	1.5991	1.9959	2.251	2.6988		
		0.6168	0.6057	3.2202	3.2286	2.1426	2.0738	2.0068	1.97	2.0574	2.4454	2.2983	1.9929		
		0.4014	0.3918	1.9635	2.2011	2.2586	2.4575	1.8637	1.8591	1.5951	1.9668	3.0953	3.5831		
		0.2157	0.214	2.2858	2.8926	2.6469	2.4351	1.3526	1.3721	1.4494	1.4637	2.4356	2.279		
		
~End
