##BLOCKS= 1          
Plate:	Plate#1	1.3	PlateFormat	Endpoint	Absorbance	Raw	FALSE	1						1	560	1	12	96	1	8	None	
	Temperature(¡C)	1	2	3	4	5	6	7	8	9	10	11	12		
	24.70	0.0513	0.0511	0.1271	0.1186	0.1457	0.1385	0.1663	0.1006	0.0638	0.066	0.0511	0.0796		
		0.1027	0.136	0.065	0.0638	0.1466	0.1476	0.0608	0.0603	0.166	0.1489	0.2264	0.2192		
		0.3362	0.3273	0.0498	0.052	0.0704	0.0723	0.0528	0.0774	0.0591	0.0575	0.0609	0.0615		
		0.6351	0.6189	0.1156	0.1265	0.0599	0.0579	0.0676	0.0817	0.0662	0.0623	0.0587	0.0622		
		0.8667	0.8562	0.0601	0.0641	0.1624	0.2512	0.0691	0.0745	0.0725	0.059	0.0695	0.0796		
		0.9401	0.9129	0.0538	0.0548	0.1104	0.1082	0.0932	0.0708	0.0544	0.0542	0.0532	0.0512		
		1.1446	1.2217	0.4945	0.4939	0.0994	0.1896	0.049	0.0494	0.074	0.0857	0.0545	0.0501		
		0.0523	0.0491	0.0493	0.0978	0.0623	0.0618	0.0742	0.0678	0.0512	0.0514	0.0706	0.0976		
		
~End
