##BLOCKS= 1          
Plate:	Plate#1	1.3	PlateFormat	Endpoint	Absorbance	Raw	FALSE	1						1	560	1	12	96	1	8	None	
	Temperature(¡C)	1	2	3	4	5	6	7	8	9	10	11	12		
	25.00	0.0536	0.0562	0.0529	0.0517	0.0528	0.051	0.0503	0.051	0.0472	0.047	0.0474	0.0476		
		0.128	0.3128	0.0499	0.0976	0.0498	0.0488	0.1023	0.1	0.0478	0.0475	0.0499	0.0485		
		0.3261	0.3852	0.0502	0.0506	0.0485	0.0488	0.0483	0.0479	0.0478	0.0474	0.0477	0.0474		
		0.6289	0.6852	0.0952	0.0931	0.0505	0.0516	0.0481	0.0475	0.0488	0.0494	0.0547	0.0481		
		0.8906	0.8608	0.1271	0.1277	0.0541	0.0556	0.0483	0.0487	0.0478	0.0511	0.0543	0.0488		
		0.9027	1.0084	0.0612	0.0656	0.0825	0.0993	0.0478	0.0485	0.0489	0.0481	0.0493	0.0479		
		1.1187	1.0699	0.0625	0.1032	0.0536	0.0529	0.0479	0.0484	0.0485	0.0484	0.0483	0.0477		
		0.0939	0.0496	0.8324	0.8398	0.0559	0.055	0.0474	0.056	0.055	0.0616	0.0473	0.0476		
		
~End
