##BLOCKS= 1          
Plate:	Plate#1	1.3	PlateFormat	Endpoint	Absorbance	Raw	FALSE	1						1	562	1	12	96	1	8	None	
	Temperature(¡C)	1	2	3	4	5	6	7	8	9	10	11	12		
	24.40	3.9465	3.9226	0.1308	0.1364	2.7587	2.9452	2.1094	2.2814	0.0463	0.0462	0.0459	0.0462		
		3.0184	2.962	2.7249	2.5035	2.5045	2.644	2.4301	2.5525	0.0466	0.0466	0.0464	0.046		
		2.0504	2.043	3.0281	2.7423	2.3214	2.3126	2.4699	2.1126	0.0477	0.0478	0.0466	0.0458		
		1.5425	1.5246	2.3522	3.205	2.1872	2.6287	2.5668	2.1075	0.047	0.0477	0.0462	0.0461		
		1.1039	1.1034	2.3589	2.728	2.8047	2.4581	2.3354	2.3483	0.0467	0.0473	0.0462	0.0501		
		0.6551	0.6512	2.6579	2.2611	2.23	2.2284	0.0466	0.047	0.0475	0.0467	0.0464	0.0482		
		0.4161	0.4183	2.1645	2.4702	2.7668	2.2684	0.0465	0.0471	0.0468	0.0468	0.0464	0.048		
		0.2002	0.1982	2.5996	2.0289	2.4913	2.0208	0.046	0.0461	0.0464	0.0473	0.0462	0.0461		
		
~End
